
22B     00100110 01010010 10011110 01001011 10111000 00010101 10001010 01011110 10001111 11000001 11001010 01110010 10101011 11010010 11011000 10011011 11001100 00011101 01000011 10111101 00001101 00001010
22B     00100110 11010010 00000110 00111101 01100001 11001100 10001000 00010111 01111001 00011000 11011000 10010001 11001100 00011101 11001010 01110001 10101011 11010010 11100100 11001001 00001101 00001010
22B     00100110 00010111 00101000 11110111 10101001 00100100 00011111 11111111 01111000 00011001 00011001 10111010 01101100 11001011 10010010 11101010 11001101 00100010 10100011 00100010 00001101 00001010
22B     00100110 01111110 01100111 11011010 11001010 11100101 11010101 10100011 11111100 01000111 11001001 10111000 10010111 00010100 00101010 01000011 00011010 10101000 01000001 01110010 00001101 00001010
22B     00100110 01011000 00011100 10001101 01010100 11101000 11001111 00100010 00011001 10111010 11010011 01001110 11000110 01010011 01100110 11101001 11100010 11101111 10110111 10001110 00001101 00001010
22B     00100110 00011001 10000010 11001000 01011101 01000110 11000011 01010011 01100110 11101100 11001110 00001000 01111010 01101111 01101111 00101001 10011100 01110100 10000001 01111000 00001101 00001010
        &                                                                                                                                                                                   \r       \n










5B      00100110 00000011 00101011 00111011 01111010
11B     10000100 01001001 10100110 10011010 11110010 11011111 00010111 10100100 11011011 10010111 10000100
6B      10001110 10001100 01010011 00100001 00001101 00001010
3B      00100110 10010101 00001110
11B     10010000 11100100 11000010 11010111 11110101 11101001 01010101 01100100 10010111 11111010 01011010
9B      00011011 10100110 01101101 00011110 10011001 10101000 01100110 00001101 00001010
10B     00100110 01110110 00011001 00011011 10000000 00100001 11110000 01011100 00011011 10100110
10B     01101001 00011110 00100011 00011011 10011011 11111111 01111000 00011001 10110000 11011110
5B      00100010 11100100 11001011 00001101 00001010
7B      00100110 10000000 11110111 11100000 10101111 11100101 10001000
11B     00101110 10111100 10110100 11111100 00010111 11110110 00101010 10100001 01111100 11101101 10101110
4B      01110101 10010100 00001101 00001010
6B      00100110 11101000 11110100 10011110 11110100 10000010
10B     10011001 01011100 10001001 10110010 01111001 11111010 11010010 01010110 00000001 10001001
6B      01000100 00001100 11001100 01000110 00001101 00001010
2B      00100110 00100011
12B     01100101 00011110 11110010 01000011 10101001 10011010 11110010 11001011 00010111 10100100 11011011 10010111
8B      10001100 10000010 10001100 11011111 00101011 01011011 00001101 00001010
1B      00100110
11B     10011111 11101000 10110101 11111011 00100000 01001110 00011010 10101000 11001001 01010110 10111011
10B     01000010 11111111 00001011 11010100 01010100 11100110 11000000 01110010 00001101 00001010
9B      00100110 11011000 10001101 11101111 11101101 10110000 01100101 11001011 10010010
11B     11101100 01100110 11101100 11100010 11101111 11010011 01000011 11000110 01010011 10110011 11100110
2B      00001101 00001010
8B      00100110 00101110 00100100 11010011 11010100 10101011 10011100 11010100
9B      01000111 10010010 10001101 11110010 00100101 01010101 01111010 10110110 11110001
5B      01110111 10110011 00101000 00001101 00001010
6B      00100110 00000100 11101111 01100010 11110011 11011100
11B     10010110 10001100 10001110 10001100 01001110 11000010 00010111 11111111 11000100 01010001 01111001
5B      10101001 10100101 01100111 00001101 00001010
5B      00100110 11110001 01101011 00111101 00110001
11B     01110011 11111000 11101101 11101100 10010111 01011110 10001111 11000001 10001110 00010111 01110110
6B      00011000 10000110 00101010 10111101 00001101 00001010
3B      00100110 11000011 11011010
11B     01101110 00100111 01011000 11111110 10001000 01001000 10100110 10001110 10001100 11011111 00010111
8B      10100100 11010101 10010111 10001100 01000110 11101111 00001101 00001010
11B     00100110 10110000 00001011 01111000 10110100 00001000 11011000 01010100 11100110 01010110 11101100
11B     10010111 01111011 01011010 01000111 01111110 11110001 11101101 00100010 01000100 00001101 00001010
8B      00100110 00110100 00100010 10110110 11010010 00011011 10100110 10110110
11B     11001011 10110110 00010100 11110101 11101001 01010101 11111110 00000100 01010101 11000101 11010010
4B      10011000 00101001 00001101 00001010
6B      00100110 01111100 10001010 11000110 00010101 11010011
9B      10000110 11011011 10111011 11001011 10010100 11100011 01010011 00101111 11100110
7B      01010110 01111001 10011101 00111011 11100100 00001101 00001010
3B      00100110 10111001 00000011
11B     10001000 11011110 11101100 11101000 11010011 01001110 11000110 00101110 10011100 01110100 11001110
8B      00001000 01111110 01101111 01101111 00101001 01011111 00001101 00001010
1B      00100110
10B     00111110 00001100 00011011 10001101 01100001 11110100 10100010 11101001 11011110 10100011
11B     00011010 10101000 11001001 10111000 10010111 00011010 00101010 01000101 11100111 11001110 00001101
1B      00001010
9B      00100110 00100100 00000111 01100000 01100001 10011110 10001000 10001110 10001100
11B     11011111 11000010 00010111 11111111 11000100 01010011 01111100 10101001 01001110 01101110 10010111
2B      00001101 00001010

A 00001010 \n
B 00001011
C 00001100
D 00001101 \r